key_id_1,key_id_2
5475045507858432,6749798457671680
5302208654475264,5054790788710400
6239560688205824,4665391286583296
5586899521503232,5536472276926464
6293256654553088,6590251361370112
4940480657752064,5065892490641408
5500392492236800,5455905518780416
5254077892001792,5669063151845376
6606502225772544,5780340050231296
4553761299103744,6385395602292736
5827651094708224,6339235017654272
5112983334158336,5650656922697728
6294805694906368,4746698846896128
5344056785764352,5214264434360320
6560742440435712,5957015799070720
6029782007414784,5475171068542976
6065804514689024,4841309506371584
4633400558223360,6269101943029760
5508293197824000,6252464384770048
6087056570712064,4920353782497280
6407511810768896,5391219423182848
6436711837990912,6560880881827840
5059342799732736,5114302044307456
5833769896378368,4801861959811072
5235159706107904,6471482077085696
5890792365228032,4571405590986752
5540615292977152,5398313564110848
5405151219154944,6146227525648384
6248754405441536,6605265392631808
5338616475680768,6661721898876928
6528057064030208,5905272612585472
6651500635881472,5922965831024640
4636732815310848,6108542727618560
5394069733769216,5972033319993344
4716363874566144,5202198529048576
5626092897435648,5503620004970496
5648396540968960,4759640053121024
5246710349561856,5857505164918784
4926469971116032,5214973628252160
5802623665963008,6358061570588672
5032545710243840,5792656393240576
4986147199516672,4751110864633856
6201847268245504,4935683040870400
4622781591322624,4737080062115840
5379053789904896,6211028012498944
4688779346444288,5336353866776576
6743804746924032,4859050493739008
4899845833752576,6152530658590720
5466107257290752,4966641706205184
5716235348082688,6160669760028672
5428009857187840,5312517167382528
4924567535484928,4640291648700416
6630354326650880,5631124950745088
5746681599492096,4946723992502272
5166714952089600,4880938448191488
6135583472615424,5061262264238080
4851930121633792,4918200510709760
6226313666887680,5788692943732736
4671267993026560,5121692756082688
4856526328037376,4671873197539328
6116749437042688,4522251451891712
4602719643893760,5071157164244992
6678689385283584,5952661167800320
6478772452720640,4917494525460480
6665249929297920,5830364058615808
4665015279812608,5561948848521216
5527511129653248,5992699628879872
4576853757001728,6046827856003072
5873931732910080,6117668245471232
4745874146066432,6459579665743872
6073119401836544,5739815557398528
5840369533059072,6087439389032448
5756607235358720,5640737238548480
4541684350189568,5657487191572480
4903106926084096,4932125335748608
5619408686809088,6154991976841216
6249925467701248,4578266398588928
6138905646596096,5601784401756160
5097528955502592,5796755000000512
5615057381621760,6565118068391936
6498881086947328,4961633417822208
6202688192643072,6322780863725568
6498736161161216,5339144890875904
6312095039619072,5780307288522752
6375147407671296,4985908539424768
4571570427133952,6505482921443328
6352554772398080,5060933867012096
5229522154684416,4645696781156352
6084196000858112,5211628700172288
4998140572729344,6560191141117952
4707187563692032,5299363205087232
6653758878515200,5623405720109056
5507365874958336,6111453775921152
5828266805952512,5987409202249728
5354990681980928,5539309757136896
4883100867756032,4692728686313472
6002572093554688,5315012807622656
5220315573518336,5098120180400128
5270284464553984,6702771787005952
5113280374767616,5351062632398848
4793137539055616,5215826112151552
5653297052516352,4711862367158272
5788277405646848,4847088049324032
6505665151369216,4797094814547968
4639570417156096,6356092009316352
5382141284188160,5693350722142208
6416944330702848,5925110613540864
5999615612551168,5350984115027968
5754677318647808,4809049486917632
6722724850302976,5561907241025536
6055321325797376,6444071914569728
4819223375249408,5506956758351872
5225091073835008,5895314567331840
5200265173008384,5490180934860800
5656036096606208,5505991598669824
6053557402861568,5464690543034368
6118050711470080,5751983635955712
5812022379806720,6411428703502336
6272058528890880,6460403678707712
6027378537005056,5292928303890432
4617243176468480,5544960394788864
4620258902016000,6493708801277952
6719541553922048,4657574383190016
5013570678947840,6222676953661440
5648380166406144,6580451705618432
5220827266023424,4559038819860480
6577514455498752,6112281999966208
6711987432062976,6580841176104960
4692396312887296,4578945338966016
4678102984687616,4813190154158080
5401477461835776,6699836000698368
5598650971455488,6237116868591616
5138734582333440,4724813551632384
6621526306586624,5874618944454656
5438800006217728,6332858723467264
4564781073694720,4665583155019776
5339868353789952,5065028380131328
5024165176279040,6054040330829824
6573633260486656,5351790226702336
5796513034797056,4744371679264768
6518954153476096,4548806345490432
4661050018365440,6486258849153024
5748005372166144,5251351229497344
5558297878855680,4788235723079680
6742286144634880,5276203621548032
6726621572628480,4946510804418560
6297898629201920,5077700966350848
6269462871277568,6065306164264960
4711134101766144,5412115525402624
4735376507797504,5176866329591808
5222521794199552,6512179039698944
5895346674728960,6210821656936448
5424359319535616,5809894391283712
4632834142633984,4827125796306944
6490784264093696,5630947955310592
5988084250312704,6563986214486016
5561436325543936,6698448218750976
5087707338375168,5524617449963520
4725754015252480,5970222286635008
6290762272604160,5873119149424640
6147403625267200,6146263735074816
6042723360440320,6343411323895808
6590647756652544,6001862505398272
6709176673763328,6202409439199232
4969692252864512,5561436325543936
6124982306340864,6251252310605824
4637628420849664,6192381080633344
4742632582414336,5493732637933568
4792756935327744,4590455784210432
5153972471988224,5134417087430656
6705380644093952,4539303478689792
6175663520219136,5050003800195072
6495448380473344,4988146775228416
4913845183184896,5286451996524544
5863303148470272,5673875075497984
6005747383009280,5461932616187904
4857946884276224,5154295248846848
5830220575670272,6308448054542336
5581724643753984,5752825801867264
5409274840743936,6283456478707712
4516615766933504,5952645837619200
6366476971802624,6438620074344448
5093595465908224,6277921121501184
4773872278700032,6649635022045184
6064769360461824,5698370263842816
5546778856259584,5484466027888640
6746323011239936,5756207354609664
4843150168293376,5310322103549952
4812926336630784,5437188189716480
4705111664230400,6272231636205568
5262854808666112,6156448390184960
6231054442561536,6393223477985280
5574005727690752,6732816979066880
6183878014271488,5498081963409408
5710767888269312,5686134258532352
5674355591741440,6557084101378048
5996210240356352,4772076646825984
6259911119863808,5261885807001600
5365769120514048,6700814288551936
6579293993828352,6749358961721344
5031851905253376,4842496293076992
6467158336864256,6184381062316032
5715352883298304,6102178156511232
5077974137176064,5014297635717120
5186158826881024,6445684960002048
5823629013024768,5142374755860480
5687358861082624,6303771392999424
4521346073624576,6434608977543168
5356761768787968,5069611567415296
5963245728825344,5051215396208640
4685148773679104,5454173506109440
6284278293856256,5643174351470592
5629775324381184,5539216073162752
5707603168460800,5978367318818816
6181394164219904,5595561161916416
4554103013244928,4708924072656896
5263002267811840,4872456441430016
6700635292434432,4562741031337984
6539423007113216,6690409243738112
6390522698530816,5706936093769728
5940489146597376,6505436813459456
5547566798209024,4632948143816704
5964284762783744,4765549437386752
5777539182100480,5241419197317120
5273366439133184,5220418573041664
5148208395190272,6086643696009216
6445814383640576,5376369385013248
5242605044498432,5570542625095680
5205572813062144,5484096694255616
5596653413203968,4550272741277696
5556062075748352,4967227029716992
4983542465429504,5769146342047744
6511998114201600,6053806053785600
5503736875057152,6041276275228672
6733849247612928,5505180407693312
5989722591592448,5369227038949376
5467669249654784,6063608192565248
5082105203654656,5202486342189056
4741972784840704,4693865661464576
6679172841734144,5216760267538432
4922021941084160,6523246734213120
5142419551027200,6426391698472960
4845448365867008,4864464413261824
6529348272128000,6710286121697280
4741840433577984,4565493987934208
5734279042564096,5068814951645184
6674382040596480,6131175242334208
6678503141408768,5160347579187200
6748696546902016,4720423210057728
5831086686863360,6074628176871424
5222853798526976,5036644434444288
6620681791864832,6323251028426752
4968912800186368,4825319024361472
5341832131117056,5156447451086848
4538336439959552,6431467682922496
5669653424635904,4802605022707712
5111524911742976,4897424143286272
6226528264257536,5589522727305216
5433296827711488,6742351252815872
6024058137214976,5688268215549952
5771551930580992,5250045723017216
5363458566520832,6441467507638272
5944768431390720,5855805062512640
6364513584545792,6448387282960384
6005394155503616,6513574300090368
5153124702486528,4836969257369600
6112542617239552,4645071410429952
6107725375209472,4733696768737280
6029922764062720,6611514054148096
5595440919609344,4617540753948672
4594025812197376,6526735996682240
6430316744933376,6148458060709888
6148344508317696,4892214264070144
6199845331140608,4760833114505216
5638979242164224,4764473434832896
5187815941865472,4881549143048192
4536952168644608,6573113435226112
6064396151291904,5846961754210304
6660360448770048,6087136644169728
5463630403338240,4893390233665536
5452598091972608,6748403633487872
6251325157277696,4797503075516416
5176756606599168,6181476326440960
5665036137660416,5746060053970944
5496898565701632,5765377927675904
4752052871757824,4527180786696192
4532026881343488,5635726072872960
6681210614972416,5275401666428928
5785205161852928,4894283180015616
4874467413065728,6508570730299392
4544939247534080,6419397495226368
6642575391850496,6619248212312064
6419223704240128,6328500938080256
6064960541032448,4716553008316416
4589893919440896,6589082782138368
5811238749601792,4870349743194112
4953754656833536,6170296488820736
6693926285082624,4560546374352896
6630156628131840,5501547804884992
6299924826161152,4827194318651392
5098847846006784,6428779838701568
6177541108793344,4916646940508160
4713084151136256,6237809755029504
5049292983107584,5635077964824576
6223121013014528,6131171488432128
5760624271294464,4682814228267008
6463748724228096,4541154861252608
5194488089673728,5638522293714944
6460467214024704,4996652119097344
5053636818239488,6563843339714560
6464885829402624,6231800558911488
6621275608842240,5949019169751040
5705052024995840,5660771906224128
4646777103843328,6297996889161728
5871764871577600,5228785903337472
6603163224244224,5490122315268096
6285629891543040,6481329434656768
6512998891913216,6641963761664000
4569858211577856,4706769756487680
5591636333559808,6200289390493696
5385291374264320,6516209434492928
6124906339106816,5433568786382848
6063878322520064,4706634397908992
5946378821828608,6702164871217152
4977616937287680,6633515338694656
5364261536661504,5613540285087744
6194923143430144,6629514073341952
5585960282619904,6067850450042880
4585663926108160,6445814383640576
5915678966022144,5557497786007552
5272299496275968,4641205189083136
5965673089990656,5634317357154304
4750926147485696,6050259438403584
5062179562717184,5482902613655552
5370235903279104,5982550587604992
5623173355667456,5005870326874112
5841344142508032,5475685189550080
6616376120705024,6598789823463424
6165169791041536,5143491157950464
5750674094555136,4711642854064128
5865761581039616,4857353658695680
4633170580340736,5957192362491904
5951295519195136,6291850908401664
5740314230784000,6613742198456320
6267926715826176,4611295888277504
5372237613891584,4983590448267264
5561907241025536,6704270718009344
5686357911404544,6040402723340288
5485123426320384,4621382975488000
5391010110636032,5907785873096704
4695847507853312,4553789262528512
6211922540101632,5974427227389952
5426604685656064,5845651101319168
5844952384798720,6612764694937600
6593833984851968,5363714716860416
4904327313358848,4977336019582976
5466060503384064,4605332280049664
5034140317515776,6467445176926208
6063829282717696,6454352136896512
5466549202714624,5225172162314240
5828627344130048,5638319826272256
6463333702041600,6114498089844736
4568303617966080,6171885660274688
4974689799634944,5624150729162752
6012558748155904,4953856796524544
6307627401216000,4719566196310016
5901791961022464,5193396094238720
6131212756189184,6741032311980032
6432440123916288,6161145423462400
5942224804118528,5200177398808576
6494283102158848,6038751555878912
6143389596647424,4736741367873536
5060492005474304,6230377158934528
6354886532792320,5172159829770240
5995140244045824,5813570346418176
6100723928399872,6488299663261696
5924473435848704,6721132235325440
6045174297788416,5832035081912320
6070106180288512,6567984191504384
6068819330072576,5377966894743552
5213136737009664,4627482567245824
5572897944895488,5576421567102976
5946504281849856,6174484086128640
5840181007482880,5615939292758016
6053132402425856,5160836316266496
6603287576969216,4971596752093184
6681565306290176,5511103062736896
5312524075401216,6213483408392192
5436244571979776,6493774702182400
6252956393406464,4975667177324544
6646184535916544,4696555804164096
6641775970091008,6411431790510080
5536819212976128,6016885764128768
6172889055232000,4750800150593536
5668665586352128,5914984221507584
5748560614129664,4742759451721728
5390575811428352,6315459739648000
6003326283939840,5338568035663872
5476379644657664,5878723775561728
5237023566725120,5094667580342272
5779994963869696,5980433567186944
4659602073321472,5813064312029184
5049091186753536,6448764267003904
6153524960296960,5906181237243904
5705856446365696,5835392525795328
5673280327385088,6485265046568960
5384617601269760,4638036371439616
6666247183794176,5716616346075136
6603019208622080,6648142638350336
4972739385360384,6084420802969600
4533454655979520,6744710385238016
5792544434683904,5425491295076352
6287748224778240,5786190198341632
6526430080925696,6175777202634752
5523546774175744,6192351162662912
5943727988146176,6144142033813504
4939501602340864,5910395250278400
4800380632301568,5397013401174016
4645814439772160,6011957826027520
5129197339017216,6323681988968448
5979754408706048,5499335829618688
5802490828161024,5138364028157952
5718772784562176,5487760200695808
6587795499909120,6135960389550080
5165805928972288,4567036472590336
5125813059977216,4823258027261952
6122514558222336,5499536283795456
6604624804970496,5977390050181120
6560704737837056,4552221649797120
5255544728190976,5707217124720640
6487596261703680,4561518123286528
5752113915232256,5128362425057280
6269304376918016,6252321824571392
4783897353125888,6434740192149504
5992723515441152,5339101869899776
5087703223762944,5891017179922432
5775754757406720,6701232863313920
5278781537255424,6245295413264384
6286255622979584,6364601081921536
4528567067082752,6302017637056512
4828454535036928,5458569606463488
5464094213668864,5605541311152128
5687421305880576,6106224305111040
6445375994986496,5593131137368064
4728230902759424,5966640082583552
5637719407460352,5916573745283072
6281769819045888,6750216331984896
5528406194126848,5240359502217216
4659940838866944,6487614448205824
6210816690880512,5615232099549184
5166519015178240,5488958781784064
5204251372421120,5657025902018560
5252566805905408,6697520015081472
5764561816780800,6329609077391360
6537506327625728,6732395350851584
5609488386097152,5927847665336320
4964827816525824,6412192217825280
4978929452449792,5766645077245952
5961306316210176,5986485784281088
5897074778308608,5559886895120384
5335439705636864,4904473392578560
6255355950530560,5638979242164224
6048083529957376,5946390582657024
6220359651033088,6627077350490112
4977992226832384,4678869565046784
4595884291522560,4800866953461760
5916859545157632,6075689751019520
5009065916760064,5066638409859072
4962686741774336,5865028718690304
5197817108758528,5436011200905216
5718170151157760,5042704369057792
5143644283600896,6748231583137792
4570527001739264,5860930346811392
6731615461965824,6696053036285952
6504115708362752,4725205568061440
6456967620984832,5195030346072064
5487323892416512,5744234541875200
5568439315857408,5724390870220800
6691648543129600,5513263984934912
4804846429405184,5217622947790848
5347862378446848,5327796660338688
5257091822387200,5506470403637248
5838199018487808,6503303053574144
6737961125150720,5217492286832640
5251443202195456,6402085975228416
6561725698539520,5060268235161600
5761503447744512,5275100553150464
6105299658211328,5435936974307328
5095247602253824,6379975517143040
6564119253614592,4988367978627072
5950416929947648,5172533441593344
6713255386939392,5480174013382656
5100181546598400,5152349444112384
4835582289117184,5581627067465728
6461535436144640,6097210846478336
5583899386183680,5145127909588992
5039601389404160,6144712446574592
5965930871914496,6749744602808320
6621551740846080,5162620908732416
4562663390576640,6418724582064128
5229674764435456,6400786554683392
6544802084552704,5908395322245120
5798826059235328,6580339034030080
6607636772421632,6304177481318400
5687043147431936,6123760518168576
6596117565276160,6392358012715008
6121740054822912,4525868888096768
4513431455531008,4935900255485952
5706821417304064,4775190045130752
5939322660323328,5511986483822592
5566854963658752,4591716004790272
5285976282759168,6021944061198336
6099922241716224,5012159043993600
5131869093888000,5290703494053888
6512039772028928,6058562327412736
5059874071248896,5464396685901824
6351552702840832,4955560619278336
5124388238131200,4571197637394432
5482640230580224,4653254128435200
6270821540560896,6000329617309696
5822464250609664,4699378218434560
5349060393304064,6703987787038720
5879142304186368,6361644663832576
4843412647837696,4989286581534720
4807509208465408,6097856714768384
5962031024832512,5646398005444608
6624088170692608,4816273991008256
6071914223108096,5800170769874944
5557613968228352,5205153986641920
5911780930879488,5377100838076416
5525730484027392,6263834484408320
6738309705367552,4636117544468480
4760387847192576,5827849418178560
5584739475914752,6498258249580544
6043010171142144,5787294944460800
5010920969338880,4993280838205440
5017685995814912,6754344043020288
4660933177638912,5819352211259392
5633931040784384,5410689143275520
5173190978437120,5952454879346688
5094072089837568,5387330930081792
6727896573935616,6717902407335936
6066095515500544,5569758810341376
5034349613285376,5595173125881856
6466404423303168,5822849476460544
6279881308504064,4611708964306944
5701602830712832,5143262501273600
6287879355498496,4531609703284736
5285592147427328,5457718951280640
4830092393971712,4805307681210368
4746933069414400,4916730507821056
6335332758847488,6750211965714432
6104939367497728,6682363696250880
4785449430155264,5070579424034816
5863744406028288,5581760257589248
5427990617915392,4635818759028736
6751117939572736,4741410412560384
6698729803350016,5439148502548480
4879680559644672,5843031255154688
5308206395949056,6209278958370816
5475228777971712,5612896711081984
6728209318019072,5701637744099328
5351943553679360,5225903393079296
4918526127112192,5857478052937728
5608943864774656,6107448651808768
5945235135791104,5841711274131456
6626055202799616,4586679903977472
5291818709155840,5322564706500608
6679096304074752,6664760370135040
4596019180339200,6656085693825024
4840561074765824,4693232925540352
6425104319774720,5135021532774400
6674644771799040,5458868459012096
6489191305183232,6688904277131264
6317862639632384,4566698541711360
6662303552372736,5657492430258176
4708871727742976,6273859575611392
5161456335060992,5757647775072256
6623784238841856,6345564843147264
6418885643337728,5195184763568128
6576712668151808,6545962732355584
5564259696115712,6051016157954048
6219353269731328,6344501234761728
5284821519564800,6580713933504512
5455196379414528,5389137232265216
5613273003065344,4650913828438016
5948617841967104,6513832753102848
4929843768590336,5861353501753344
4618601325658112,5655461376294912
4895635427819520,6459711635324928
6136787158171648,6448302344110080
5213709163036672,5954362448805888
6637241793249280,5306910385373184
4685243502034944,4794479213019136
6406106718928896,5462677407137792
6314198562766848,6398222668922880
6510684307193856,6345677133053952
6158478097776640,4857881000148992
5174327865507840,6368258426929152
5568533335375872,6491865522110464
5598382405976064,4869123060269056
5144870131859456,5497080346836992
5885617651056640,6192087139614720
6286114044248064,5330587583774720
5755625453649920,5049241556746240
4673275475001344,4969749463171072
4853672053833728,6236120922718208
4718095249702912,5202036058488832
4904749214203904,5853952153223168
4697126065930240,6487996566077440
5066324386512896,6265223893745664
5223195537833984,5273143771922432
5782261494448128,6294431042895872
6186132368785408,6383542823026688
6608387045326848,5892979883507712
6024879839117312,6127351786110976
5601159987331072,5643174888341504
6274369456177152,6599198973624320
6131354326532096,4630204146253824
5622316006375424,5149548861194240
6369120729694208,5219376452075520
4666235218296832,4763342763720704
6430773521416192,6545916074917888
6620398328217600,6226431359057920
4942032814473216,5187710731943936
4665591774314496,6118347164876800
6488650407739392,6077878460481536
5061088183844864,5123354728071168
5708407870849024,6098086881394688
5764035834281984,5519306131505152
5518681100517376,5093129763946496
6467659493277696,6434740192149504
6263756587794432,5084903509065728
4672369606000640,6576432572530688
6605474503852032,6655494179520512
6699888274309120,5548725650849792
6410677352660992,4883909223383040
5996525215809536,5908379199340544
5267883464589312,6571822814330880
5483820172181504,5632177133846528
5777370067763200,6102662632177664
6630765875953664,5165426549981184
6343835988787200,5632626750652416
6253009572986880,5543409286643712
5421203676200960,5665648703176704
5932645210914816,4998569532588032
4837725238722560,6628694892216320
5041721387778048,4817875695042560
5549422228275200,5687944146845696
5900867586752512,5287600183050240
4768075230478336,5221383795638272
5143994809974784,5871913337356288
5790108198371328,5984220201615360
5260925680484352,4715816031354880
4963568770351104,5399381299691520
6270818168340480,5591142697533440
5303743283200000,5072490885808128
6138817264222208,6098527790825472
5975159682891776,5372295860191232
5904780922716160,5117900383846400
6595842939027456,6645046470246400
5331351974707200,5648810959175680
6319795580436480,5814824845967360
4596126617436160,6367611317125120
6241235440238592,5743361208090624
6524031740149760,5220250209484800
5755092202422272,5040409011027968
5817273434505216,5493950322311168
6014477696761856,5882637212188672
6345950517788672,5881169428086784
5982315987599360,6291310820458496
5084571924168704,6654806682763264
5451304337932288,6438996123058176
5798551370072064,6497805579321344
6381187452895232,5453113492242432
5317930097049600,6510797352075264
5816087050452992,5105194461298688
6604598867394560,6034232579194880
5607517730111488,6215697921212416
4693557950545920,4605612795101184
6595455653773312,4688751412379648
6294674698403840,6741729740849152
5569082436878336,6226206934433792
4560980883275776,6013740837240832
5473772721143808,4531063248388096
6315226620231680,6657807090712576
5357625262735360,6178678121693184
5582817306083328,4651753238691840
5042171390459904,4851691180523520
5013625427197952,6660348268511232
5572234087235584,4844049661952000
5880378092945408,5639818572726272
4915938522562560,5264588050268160
5601159987331072,4652710097846272
6500442185924608,6680027775107072
5392012746424320,5538322787074048
5694786839248896,5967528750743552
5569082436878336,4561256117698560
4869347086434304,5263602053283840
5882519759093760,4689402775207936
4967026168692736,4912194573565952
5949081450971136,6426748700852224
6284487807729664,4519247914991616
6510396364029952,5512309147435008
4527777116061696,6537554344017920
6503943926448128,5955229763764224
4899346950651904,5164873015099392
6171930438664192,5375413742206976
5750235382939648,4772088608980992
5260639008194560,4986047756763136
5834715745484800,6181513605414912
4989940158955520,4713207560142848
4587250060886016,5448985223364608
4734417299832832,4535279564095488
5375141494128640,5105230234517504
4897048987959296,6525326471462912
5061570985984000,6199462336659456
6353968013770752,5568144691167232
5211542217818112,5263055900377088
4550522252034048,4948745932242944
4994683140833280,4975471622094848
4705278446534656,5118344581611520
5419851113824256,5531505365352448
4902447275311104,5968719664644096
4635988158578688,5852146555682816
5195601257955328,6053425949179904
6464661685796864,4919801795313664
4967336010317824,6279762118967296
5479422410883072,5081972047085568
5328892145434624,5187692461555712
5717867435655168,6691650829025280
4885240935874560,4926950902595584
5782597860851712,5623046054346752
4522251451891712,5555440383426560
6706496714833920,4837643147804672
6321613018497024,5618749472243712
6022628470947840,6688244093681664
6182388180713472,5735940389601280
4894068582645760,5197433850036224
6357020795994112,6611330310078464
5856354931572736,5322749121658880
6246338566029312,4554539136974848
6254915938680832,4588739642785792
5613197392347136,4645295675670528
6043053859012608,4620070221250560
5521442978398208,5907168039534592
5592138525966336,4654628874485760
6491089408098304,6393527418224640
5934489098256384,5439637461925888
5882757437718528,6483937348026368
6442324097761280,4537344168296448
6493035368022016,4676742855786496
5335276467519488,5666842787971072
6622049604730880,5843090986237952
6416355920183296,4737776668901376
6614270080974848,5433572594810880
5405320954249216,6362583399399424
4728587821252608,4661053923262464
4553856019070976,6104110455586816
6086439538262016,6134878343004160
4907702654337024,5305069840891904
5540114207866880,5046143832555520
5763082838081536,5443479171760128
6023768260476928,4571086224097280
6212385104723968,5534946288467968
4874301935190016,5429395575537664
5497907987873792,4882828640649216
5948872922759168,5829989721178112
5563458177204224,4663955207225344
6515018113744896,6664009723936768
6351112502247424,5516717931364352
4956120378507264,6663809743716352
4557152611991552,6633485072596992
5024250639417344,5361481082208256
5775278867480576,4742699909382144
6385833785425920,6185998927003648
5197589542600704,5994955321376768
4882124849020928,6449494897983488
6107575336566784,6621000374419456
6381425571921920,5508421933596672
5527511129653248,5031228363243520
5152842933338112,6728304444833792
5826357051260928,6660450303344640
4655724539936768,6690859946868736
5767324520939520,6169179562442752
5623022901788672,4642738739871744
4735130012745728,4718006317875200
4838670605484032,5962331760623616
5845471920652288,5637862210928640
4767516079423488,6539771088207872
5888003924819968,6378670719500288
6212709492195328,5405237089140736
5806181375279104,4768020217987072
5041513320939520,5359106288254976
5414990267809792,5128389532844032
6649741276348416,5140336303144960
6735434728079360,4518022070927360
4901586004344832,4934357238153216
5385670421905408,5136133342101504
4887818264379392,4811554258157568
5665769637543936,6114038457040896
5100688302407680,5560300352831488
5514184148123648,6172845149257728
5418845202284544,4945679984099328
5701962802659328,6467235495280640
6016785851613184,5273662510858240
5851154128830464,5330705141727232
6591308174983168,6469504311754752
4873636198481920,4670397578477568
6373481207824384,5960800785137664
5710494906187776,6606393039650816
6212233136701440,4535420144582656
5821056193396736,6590254247051264
5539241310289920,5216607896862720
5746644005945344,4667222435823616
5209786796736512,4849024727252992
5259760083402752,5718228670087168
5565570529361920,5673209439453184
5607530128474112,5419733975302144
5560126071111680,6724337405001728
5852125496082432,4885972820951040
5875735317184512,6090593019101184
4765963251613696,6071929255493632
5137190105382912,4983395715121152
4551854031634432,6751522874458112
4814456716525568,5106076645064704
6202816622231552,6291925399240704
4611563468095488,5641137844912128
6398063570583552,5730826983571456
5205313017872384,5010214547881984
6255968201474048,4782894616674304
5602718376787968,5387066537934848
5463150663041024,4557718872391680
4529831318388736,5627009147338752
6067642274152448,5819505068474368
5609671224197120,6338706870894592
6250704400285696,5915858767446016
6093274307624960,6119663555575808
4653988119052288,6625017410355200
6107593728589824,5409979685142528
6303951358001152,6571316813496320
5661380717838336,4985452320784384
6694283878858752,6375411460079616
5549388317327360,5945365494759424
4586490589872128,5993395174506496
5185455773450240,6343411323895808
4680201915072512,4532497096376320
5133816978997248,4790852448681984
5123363162816512,6386878808850432
4602224749576192,4967847048511488
5285946083770368,5063543630069760
4861744914628608,5109566037557248
6126052168433664,5904710760398848
6506777145245696,5272673238122496
6750198627827712,4936849665556480
5718483381780480,5809705567911936
5514689935048704,5867192258134016
6028999597752320,5890710744072192
5641357341229056,4578993338580992
6502958298562560,5822018194767872
4806648872828928,4715415542431744
5559775762841600,6439037457924096
6668404196900864,5735299046965248
4752987081670656,6202753758003200
5201866327588864,5545008792862720
5656976845438976,6717456515072000
6008428604424192,5433568786382848
4750434126266368,6394784367247360
5850482687868928,5973489951440896
6608297790537728,4618287914680320
4791771773009920,6365020680093696
6463796585431040,5296188838379520
5422959680290816,5454156074582016
6374355837648896,5158649360023552
5355301786091520,6691223278452736
4695671460331520,5715770099105792
4615066622099456,6099995663007744
5791571104497664,5100028404170752
6069219114352640,4726251380015104
6712606913986560,6155960575852544
4548514728116224,6137341611606016
4891978443522048,5621996165529600
6006168893784064,5715299682746368
5962306460581888,6480059328102400
5114189200752640,5762604372852736
6150020736745472,6237822535073792
4767105037631488,5730832083845120
6318212947902464,4568023237132288
6518537474539520,5622484416069632
5836751614509056,4915177004728320
5976787945259008,5005036566347776
4950453299183616,4521782075719680
6607002191003648,5387745511866368
5887772873195520,4781684576747520
5872184155176960,6568765170909184
4826983374520320,5542352808574976
5163573875572736,5551318489890816
6622843385151488,5258342777749504
6190259702333440,6271265650245632
5823672029806592,4526296325423104
5748519828717568,4868695576805376
6517380886822912,6714839235821568
5810123081515008,6281267957989376
5345338313408512,6571629645660160
6156330261807104,5823306030645248
5550901139865600,4953019223375872
5629029728124928,6324238669578240
6036120821301248,4809890969157632
5640273969283072,6206200406343680
5863148651282432,4753098482384896
4910268918267904,5016991888834560
5557385412214784,6642632111423488
5674135877320704,5740922618773504
5530414481408000,6466242216984576
5876421689868288,5791155704823808
5893954333573120,6069173933309952
6533010507694080,4564841723330560
5612426760290304,5082634709368832
5154982175178752,5869601738981376
4830595827892224,5823117773504512
6418460642902016,4710096930078720
4944082033967104,6310556837347328
4616573211901952,5406005582102528
5495119610380288,6301000145043456
4610691459710976,5349987028303872
6048019344523264,6175460650123264
4628646771818496,6059844240932864
5782133568176128,6545698914828288
4917074189090816,4509241916260352
5570437234819072,5160866011938816
4642387781484544,6619164913434624
6187236578033664,6483803767832576
6100587428970496,5350939609268224
6583520799490048,6121377633402880
4874684912893952,5660527156002816
5704688550805504,6738961718312960
4771822958542848,5481549229195264
5990140897918976,6650503813398528
5606127100231680,5209184880558080
5253424184557568,4727117801586688
5605736358871040,6158108848029696
4973890583396352,5761816661590016
6755145876504576,6344384402423808
4737640895086592,6086419837616128
5551447573790720,6036743088242688
5507365874958336,5147654793199616
6495255912251392,6755033066504192
5812893071179776,5351872435060736
6448313211551744,5430561067761664
5768000860848128,5803467425710080
5495135347408896,5769875916062720
6215747174924288,4982888707653632
6430313406267392,4742185637380096
5363845663031296,6729118110449664
5143939864592384,5679768143921152
4890620378218496,4952639789858816
6189144768249856,5956449735802880
4516155635007488,5068540610609152
6620321081720832,6720092974874624
6599606454452224,4643256602198016
5342748750118912,4919434961485824
5667741694427136,5955514250821632
5540301961691136,6269462871277568
5492290401337344,6092926985699328
5873333260255232,5373939171721216
4918360166891520,6278686435180544
4716758227222528,5727497490530304
6538142569988096,6031248533225472
5875110902759424,6316125396664320
6560051332382720,5703977666609152
5363491579887616,4521082872659968
6247306363928576,6293038202617856
4945590708338688,6367506388221952
5226467912843264,6333258084122624
6179295389024256,4639576456953856
5346768759816192,5643087927836672
5336510331092992,4919824209674240
5683483894611968,5484369613422592
5950621599399936,4821409329053696
6212083169361920,4623195451686912
6275082588520448,5225685389934592
5071656789737472,6209525981904896
6478609222991872,4511695949004800
5413923622748160,5770838223618048
5551468994101248,5824534089302016
4691466569908224,5913391124185088
5586794982670336,5324768326713344
4914989905215488,6619065579732992
6172183124508672,5501627844788224
6614047141134336,4669087982551040
4683482007601152,6413138004017152
4620161724186624,4967384043487232
4780474549403648,5129787192377344
5358042881196032,6323432612429824
4782365865934848,5030470020497408
4885949064413184,5347639593795584
5956744020754432,5486526488117248
5964634802618368,5920198869647360
5999170294906880,5932717722042368
5361600787644416,4779425621082112
5222499115597824,6501051656044544
6651098699923456,6553141321400320
5272861814030336,4783530540269568
5924156610707456,6553697196703744
5944361751674880,4780600428855296
4967227029716992,4825502801985536
4582650503233536,6094920030879744
6274454831235072,6743898447675392
5249519795044352,4611836605366272
4920948534804480,6662851777265664
6627425460944896,5885998577745920
5483176283602944,5382499930734592
6101118457217024,5433311893651456
6028202998759424,6263233071546368
6465903854092288,5582107696955392
5369344966000640,5512508829859840
5912257005355008,6748152398872576
4668540302917632,6753943088529408
6001689695879168,5313238247931904
4890741023178752,5193144167563264
5973437233233920,6173107813351424
5655364945051648,6495745689518080
6361333127708672,5044319813632000
6083020069011456,6160338942689280
5857842751864832,4731548781772800
5618771823689728,6550491859255296
4558866383634432,5442729603497984
5243054992654336,4551444130693120
5187149903167488,6476917777629184
5670828987383808,4839387340734464
5096199692484608,4712668743073792
4649207115808768,4551287834148864
6728014400323584,4906599837597696
6716046742388736,6220330378985472
5906089444900864,6380180035600384
6639915062263808,4822625962426368
5174984727068672,6246894344863744
6151159326703616,5732095420792832
5493346329952256,5844389924438016
5806443385061376,4912013408993280
5048175079456768,4588970178510848
6426188497027072,5118141371777024
6066988583485440,5128382452858880
6480269315932160,6736253137453056
6165205492957184,5365847642079232
5074851993747456,6377011654164480
4833761436893184,5520251796062208
6316466372608000,6041810130436096
4647623745077248,6326284537823232
4843955864731648,6095548421505024
5162620908732416,6663157089042432
6559628361990144,6021486210973696
5637772423462912,4587710897455104
4701485537427456,5039513153830912
4534695297548288,5229996819873792
4828198514720768,6431275080482816
5545271675060224,5802690036629504
5568106405560320,6429555663306752
5958519574495232,6296773918195712
5957351825735680,6492829608050688
5193027989536768,5592518613794816
6032910958198784,5260728212652032
4931557896749056,5406194460000256
6644366875557888,5209293479477248
5221761803091968,5192450463236096
5025050375749632,6192898016018432
6328675018473472,5481729882062848
4654720138346496,5757680004104192
5728956806332416,5612779941658624
4820041218392064,5503422956568576
4573370387529728,4848575202721792
6713778768969728,5659719383384064
6302833412407296,5435967408177152
6662175877758976,5998628663459840
5660555878596608,5528950337961984
4772452271915008,5354880925433856
6166935010017280,5822248864710656
5887982957494272,6120567348396032
5704084449394688,4564934220316672
4650019669934080,5484569190989824
5840457365979136,5058648172658688
5272299496275968,6326851809050624
5946575484354560,5038152722939904
5154048309198848,4833040587030528
5449072745906176,4958829865336832
5838688523124736,5650582628990976
5428314615316480,6589057851195392
5196829568270336,4834847325421568
5743527336083456,4678864838066176
6046315496603648,6550161918525440
5015571328401408,6224960148209664
5891450099204096,5230309912084480
5774537448751104,5567042914615296
5921712841424896,6037025700446208
5493804175982592,5316062608359424
5741878198665216,4818159213215744
4714572873203712,6396248863014912
5964324625448960,4644413189914624
6717902407335936,5428420383080448
5806973968711680,5259242002972672
5918859775180800,5902502396428288
6181476326440960,6434044290007040
6498034353438720,6014614330408960
6417600374374400,4712690792529920
4525626176307200,4897485648560128
4709163294785536,6397734485491712
6691601214603264,4996915215204352
5731405575225344,6731586051506176
6156685536133120,6056064355139584
6470952739143680,6077283607511040
5868240603447296,5842990926921728
6651546836140032,6109018047119360
5330747990736896,5568252405088256
6076919755833344,5515824120987648
6010988807585792,5032523446878208
5928728771166208,4863562122002432
5273463310778368,4580085019443200
6583250350768128,6519129236307968
6522173143384064,5659932252700672
5590569336176640,5856128086835200
5316221203382272,6599920121282560
5646182640517120,5073407492227072
6620076453134336,6100469485142016
5061128872787968,4975095275585536
5289866852040704,5114749152919552
6507292222554112,5899435320016896
4946574608171008,4837399962058752
6162160881238016,4625631230820352
5359728852992000,6381741335904256
5489830127468544,5817789178707968
4737079072260096,5130198502604800
4963849843245056,6581928603942912
6550473253322752,5335194372407296
5728570846478336,5981937158062080
5944661774434304,5048305807523840
5981884062367744,4704612462362624
6566912240648192,5246607538782208
6449919801950208,5362391535583232
6624999777501184,5017855064014848
6542117495111680,5776963790700544
6670579950157824,6228819780304896
6553561926205440,5946563538976768
4685738744479744,5887697052762112
6428102441828352,6164116903297024
5268718433075200,6732752118349824
4617603131637760,5639529681649664
5405840695623680,6405584846848000
5975025196728320,4677442293727232
4953508027564032,5484759964712960
5292795080212480,5434427263942656
5662169762889728,6245258570498048
5384038271418368,4901377530658816
4715415542431744,5016714112663552
5158986644979712,4934266490191872
5994077004759040,5508787655933952
5953514708664320,4741138084790272
6522609640407040,6695238565363712
5311882195894272,6259264739868672
6750970434289664,5162929227825152
5812738699821056,5175226839072768
5552031920029696,4856993669971968
5364569784451072,5092386281619456
6519902028431360,5272233003974656
4567782488276992,5862012007481344
6206312692056064,5986193793613824
5798262378332160,4723659564384256
5125303603036160,6651382255845376
5525723102052352,6173997207126016
4749399655710720,6624081929568256
5977813972680704,6254494138499072
6138299871657984,5326474670243840
4814690137931776,5237633473052672
6052962881241088,4587183660859392
5826054256066560,6592210235555840
5170429046030336,5826747574517760
5673603234267136,6112741662130176
6631692527730688,6061919112790016
5394182543769600,5520443781939200
4646385922080768,5486998179545088
4646541983744000,5319496770256896
5484659234308096,6490978544254976
4554960681304064,6153822621663232
6692799258820608,5791737198936064
4719637914714112,6005685999370240
4957730450178048,6531880390230016
5515778319187968,5692352666533888
6247821369933824,6683471797813248
4965331585990656,5974701010583552
5818341669208064,6436864036700160
5574052624203776,5365598546558976
6626258538463232,4812314534477824
6587484664233984,5543993670631424
4702906085277696,5112262970834944
6473764147560448,4709615998599168
5139553063010304,5995106299543552
5284940251922432,6314136759697408
6700970283106304,4904606922440704
4888082404868096,6598591063785472
6599057306812416,4872970684071936
4757341704552448,4713696582434816
4694965223424000,5605335769284608
5587797190639616,5318445107249152
5586966718447616,5119103008243712
6531532162334720,4530818619801600
4892840406548480,4599790593638400
5885055362662400,5373948231417856
5630165566619648,4680564147748864
6243403043962880,5276656669294592
5558120610791424,4998107441922048
4986904233639936,6210488591450112
4589827930456064,6288380725821440
6424125335666688,4798812767911936
4835800103518208,5328953550045184
5942410339155968,6660916491845632
5375015799226368,5215382119907328
5967375725756416,6024425109454848
5152805163630592,5419448947179520
6743502861893632,6338737090854912
6043235786948608,6582409778692096
6408969033613312,6060597470822400
4843800419631104,4552460339249152
6362681231540224,6429095128727552
5996322580594688,5864100871536640
5613645444677632,6581597253926912
5771046428868608,5781652330512384
5999851789615104,4785097595158528
4672096535838720,5630031516663808
5044162455928832,6093718413115392
4889001460760576,5329171507052544
6631849495363584,5487182749892608
6281851691859968,4668553808576512
5832533017100288,6449307781693440
5191084080627712,4523976070004736
6542814605213696,4564781073694720
6357448484978688,6513093800624128
5167948702416896,6059804734783488
5655904244465664,4800223782109184
4963057958649856,6506748154216448
6341452361629696,5863303148470272
5917733151571968,6585452087738368
5989402566197248,5842709484929024
4696675778035712,6256518628376576
5225091073835008,6474280499937280
5912283190394880,5602120671690752
4964211639713792,6352406541500416
4896540571205632,4728684256690176
4564639322996736,6388756024131584
5845048463720448,6636629814935552
5706330805370880,5976574140612608
6472198900416512,5296776594587648
6481329434656768,4608583297662976
5216895571591168,6677756945367040
4771996015525888,5765912315559936
5478971607089152,6640839952433152
5505180407693312,5384272863035392
6095376190799872,5980757031911424
4539833403834368,6465381008932864
6565609959587840,6621705072017408
4745898770825216,6713109706178560
6248083597819904,4920241677139968
4522238147559424,6452380126150656
6475277133676544,5799304197308416
6034553393119232,5269154674245632
6154084534976512,5727883098062848
5977492990984192,4845526648356864
5223807335792640,5239888343465984
5307664521232384,5387240467333120
5582557632528384,5396061126393856
5879714872819712,6021980266430464
6477664888029184,5340560279732224
5848228035559424,5842699821252608
5794652479291392,6255403144839168
5739591615119360,6636759335043072
5788181519663104,5734341151817728
6627882979819520,6064193889370112
5192210704236544,6638792578433024
5552417309458432,6113653856141312
5449867805589504,6612182068363264
6249257382182912,4533454655979520
6495500658278400,4961093581537280
5753322009001984,4508280124604416
5259675580760064,5199650258681856
4985534462033920,4945604151083008
6480869785075712,6572756399292416
4764984330420224,6274884181164032
4923190524510208,5213898674274304
6257808800481280,5509207220551680
4758128136552448,5318593535279104
5972896771997696,5692361554264064
6225123126280192,4685372229419008
6523120384999424,6127351786110976
5814617748013056,5556146280595456
5534048359284736,4871615147933696
6205656824545280,5941248231735296
4774861832454144,6143868347088896
4633164184027136,5903699413041152
5348210895749120,6601457518247936
4958869958688768,6532286566629376
6566750978048000,5745510398820352
5352534430449664,6398420975616000
6356688221241344,5856425920167936
4820513576714240,5826826616176640
6488093873930240,5887169224769536
6019602477744128,5081858377252864
5009763576315904,4743127560617984
5516685345816576,6620428841779200
5083178744152064,6351416366989312
4600525704134656,5633382073499648
5296652761956352,6431284207288320
5031999175655424,6462269577756672
5856739217899520,4959061822930944
6473586548146176,4872839754678272
4820302150238208,4836320922828800
5792999319535616,5707874338603008
5341034810703872,6703832694259712
5426042581811200,4917579468505088
4945847735287808,4633078070771712
4774856451162112,6085708387188736
4724620512985088,4934869228453888
5067597441662976,5285554415468544
6551319282188288,5442579258671104
6457851801239552,5390029394280448
4833858761523200,4906777172770816
6661491933577216,5387877263343616
6264195144220672,6117222537756672
4718525551738880,5069334101622784
6374214690930688,4833040587030528
4795315192332288,5128517211652096
5449019411136512,5092798212603904
6698640498229248,6293316498882560
5030626598060032,4774142077304832
5656837581963264,4557983700746240
6109738662100992,6714113205993472
6136736168017920,5394616922669056
4762778545946624,4780095250104320
6095997161701376,6429424817799168
6616087657447424,6432976021749760
4674923211522048,5866916977573888
5249661860315136,5044868424400896
6370896430235648,6342304157663232
6605124216553472,6318542255292416
4783241112322048,4677884994125824
4656569927073792,6312504684707840
6192229146165248,4801342520426496
5219661350174720,6655943343341568
6327932429533184,4923744243941376
5774599675445248,4992506330611712
5422008479252480,4802499062005760
6519346987794432,6195666810306560
5336133460295680,4586844090007552
5283929999278080,4624034106966016
6009658139475968,6741113295601664
5395547374485504,5206907948105728
6734373606916096,5214117721800704
4873625800802304,6363830735077376
5172426050633728,6316832602456064
5232795729264640,6241755299053568
4996899125854208,5689137107566592
6156117728034816,6590193547083776
4563462535512064,5657894760480768
4898576687693824,6025101260619776
5405216063094784,6321458433228800
4634194674188288,4614103706370048
6353399803019264,4683939711025152
5950677312339968,5325858958999552
6493155828432896,6260121921388544
6187838729093120,5517742511751168
5146172412919808,5190165624520704
5030165346254848,4619740834168832
4768962816507904,5532952802885632
6750191447179264,6286416315154432
4931921941364736,6068068889395200
5361824847364096,5816350364663808
5928312801067008,4754591130320896
5000130988081152,6116162725216256
5971998201085952,6431556681859072
4767791297069056,5756926304452608
6705286075121664,5137425976262656
4623538457673728,6477831397703680
5538960841375744,5562303351095296
5669506003238912,5912948356677632
4902295043047424,5051278981857280
5519640417533952,5940673192656896
4604080578101248,4960270470348800
6095922591170560,4626609950687232
4685128355807232,5685956587814912
4700931474063360,4582642299174912
5095697588158464,4877793743601664
6167282365497344,5097383593508864
6180143376629760,6653317570625536
6571066128334848,5017757319954432
6259911119863808,4620193198243840
4783481819234304,6524021275361280
5964055414046720,6657997843464192
6215961336086528,4707736648417280
4744890128793600,6297612741246976
5007123652018176,6430238680547328
5626423974821888,5970588210298880
6238367563907072,5349214689165312
6440909497434112,5596913124507648
6552263298383872,5261171919683584
5955452745547776,5750115794944000
4780221448323072,5450583651647488
6723417543802880,5504807550844928
6656753146003456,5154774573907968
6467481063391232,5791524732272640
5597024806240256,4846955731615744
4713556543012864,5235149300039680
4651594580754432,6598424851906560
6329801109405696,6231146260070400
6090593019101184,6321600808878080
5428639875203072,5176601648037888
6610669220659200,5607335869284352
5958278318129152,5559773548249088
5702367590744064,4719396444438528
6682800625287168,6258692154458112
5321970688196608,4608993483816960
6424093488316416,6091043206332416
6416394931404800,5034937520488448
4652452567580672,6372907850661888
5651535310618624,5774286612594688
5666401836597248,5749558539714560
5154966471704576,5361485968572416
5574010211401728,5825743290368000
6404450438610944,5951303895220224
5377489868161024,4777618631032832
5118375552352256,4543932501327872
5331205408948224,6032424850948096
6017508077207552,5587087581511680
5763052458737664,5681672051752960
5991713023721472,6144228654579712
5239734953574400,4773137906401280
5272111469821952,5020257204830208
5020967472463872,6544008874557440
5413715400720384,5369909137637376
4827442080382976,5026220481708032
4696198214582272,5118455239933952
5089274733002752,6679890550063104
6010498208235520,5439880865775616
6563533812662272,6110304737951744
5057247459672064,4994943204458496
5715047286308864,5325753585500160
4792640031686656,4612797751099392
5517779622952960,4599172772659200
5731514614546432,6172868821909504
6056374666526720,6516831030345728
4812167448625152,6261255322992640
5917781419622400,6118815001739264
6473201255186432,5235149300039680
5469929094512640,6423796212826112
6631683086352384,5731152658694144
5044587477336064,5406122703847424
5988811790090240,5778518363340800
5829099593400320,5662499032530944
5819095339499520,6565411271213056
6083100616425472,6628534200041472
4684228010704896,5022081815150592
6284139143626752,6734446554251264
4648952886460416,6632357157142528
6546055162232832,5755452581216256
4542328444289024,5174058893180928
4678539225858048,6547654496485376
5415435904221184,5565728486850560
4645632423755776,6219086381973504
5365514916331520,4839746977136640
5240145840177152,5089416479506432
5087343016935424,6509749698822144
5142056894726144,6026566486196224
6263757124665344,5832510078451712
6295581288824832,5438725318246400
5194789626576896,4668944902258688
6752771099328512,6071706437287936
6470081380876288,4679842110898176
5307235733340160,4956427200233472
5452482245296128,6308695367483392
4884316741959680,5142323111395328
4988023395581952,6162034599133184
5638091706466304,4951735011377152
5067549207166976,6527255029219328
5027960551636992,6332123378089984
4896732691300352,4798427294597120
6636235684577280,4662348772016128
6662070713974784,6556930635988992
6346060848955392,5832636914204672
5413988990976000,5332455609335808
5148621215367168,5947790913961984
5717030474874880,6302723970433024
6423779691462656,5893627047837696
5269949457104896,5103832705007616
4864758249422848,5063210719772672
6496071754711040,6185789492822016
6696233068396544,5549273728942080
6653946733002752,5984310295265280
5745877467529216,6749893471240192
5405365099298816,5700542430969856
4831038998052864,6628911905505280
5349197932920832,6450843870035968
5791069402824704,5382944224968704
6483679935201280,5710029741096960
6380144329490432,4933657292701696
