key_id_1,key_id_2
5857657296519168,4645518711980032
6253372095070208,5824588950798336
5529200716939264,5812753950310400
4782401362329600,6403823776038912
6754895359115264,6386493884989440
4616987613331456,5088359665893376
5300792745525248,5407066791346176
6527499875909632,6135258900594688
5741363691782144,5432073785442304
6727613328392192,6228043804704768
5547960492359680,5301982686347264
6365747632668672,4637158587498496
5774061210697728,6155797736194048
5386203400503296,4547476986003456
6181352288288768,4709241761824768
5385316930158592,5476118373072896
5172206235549696,4987349081522176
6415367440171008,5428495511453696
4941559902502912,5205665221967872
5336067391619072,5596522160848896
4666789231329280,5855489495662592
5258906609647616,5871598005387264
5549245409001472,5961759988908032
5428038932103168,4859910741295104
5836433317167104,5399524208017408
6480096443498496,5933223722876928
4803829491040256,5961262447984640
4977868213846016,6596694403710976
5124918666592256,4999841950203904
5576672420036608,6273955830693888
5919233839988736,6226617238028288
5346994409177088,4960229433278464
5775287579049984,5897597321478144
4665219169124352,6502535063928832
6575134586437632,5420594516459520
5669023456952320,4975346459869184
5884214908026880,6283462468173824
6251851076861952,5532550690766848
5259953277239296,6225312452968448
5698581040201728,4520532441563136
5760118471786496,5259943139606528
6360749603553280,5854610705088512
6407771085864960,6636792147083264
5491020215091200,4975771527413760
6309223178698752,6073019980054528
5327600685678592,5298531139059712
5700539759198208,5178952307965952
6401464920440832,5363718760169472
5488462981496832,5904489854795776
5017819794112512,5333845102559232
5045395971375104,5747227211333632
6589176143151104,5320844081364992
4801659559477248,5693223001391104
5066280463761408,5894613040627712
5354818631630848,6189287626244096
6273149450584064,4911378475253760
6010432085032960,5308148795572224
6145124608245760,4649452461621248
4967804702818304,5062995149324288
4885139798622208,5995191863345152
6744414837800960,5346447543238656
5721678447378432,5265918160535552
6625974672162816,6253411118874624
4970078351130624,5122490030358528
5054707103956992,4831827426541568
6694688641777664,6736420490182656
5948606567677952,6671462851149824
5472948691402752,5050916996644864
5882740257849344,6686471715028992
6584411447361536,6025127953170432
5131267446145024,5297739288018944
6381827923116032,4813032368635904
5969902110244864,5385211133034496
4898683122352128,5600531605094400
4936686456799232,4753097521889280
5023558507954176,5233404117254144
4792682842947584,5191025289068544
4549999608201216,6541597887954944
6261721696043008,6475345450500096
5455081119940608,6278368469188608
6267002458996736,6579992920064000
6592272596467712,6058395276673024
5740254550032384,4509157556224000
5599363470458880,5520193176469504
6747212904136704,6284069669175296
4584091787722752,5792808843608064
5297798092161024,5948326543360000
6551420348137472,5494869193654272
6475877053366272,6664737993523200
5805956510253056,5463235555753984
5579238608470016,5221620102725632
6489907990102016,6377681136386048
6573654617882624,6295776508510208
5502490617315328,5302826311876608
6133845889908736,6414569935208448
4556881890639872,4511427899424768
5760764247801856,5296702963580928
6174116107255808,5107218028429312
4979414129442816,5163318773809152
4538083439542272,5960600733614080
4800210515525632,4600726577741824
5587032145395712,5260646910263296
5182210992766976,5549619897434112
5044329238233088,5418708937736192
4827008192217088,5002049584365568
5522868001570816,6562821150081024
4676509686038528,5716690883051520
6275710639407104,5541703765196800
6086650960543744,6302836830765056
6203830456811520,5734537361358848
6742651615313920,4777079734272000
5311094606266368,6506233735413760
5669595144781824,6379186602115072
4784609046822912,5297723555184640
4711161209552896,6720256447873024
5205170159878144,5027511190683648
6680239683928064,6422445948928000
5992804146741248,5098247989231616
6707802988871680,4596705901150208
5950882988425216,5360809087598592
6194745091031040,4582103146561536
5957223312261120,5005828048289792
4594885254447104,6236223905464320
5121039069609984,5008179006013440
4598072120180736,5675830061563904
5394023197966336,6091086235697152
4702403972562944,6369731667820544
6542736977035264,6583788492554240
5680965097619456,5226313277243392
6128371618545664,6741161010003968
4556702810636288,5325575608598528
5681530770817024,6322542342045696
5766711749902336,4886724423450624
6651651257532416,4693182379982848
6513921286471680,6429539678814208
6644578838904832,4648643682369536
6165396740636672,5207613325180928
5573966888435712,6616404860076032
4683830592012288,4894194529206272
6594712041422848,4619722496671744
5940721343266816,5073193834381312
6330493081485312,5770384953573376
5426189512474624,6422569227911168
5640166393774080,4625503992414208
6180408670552064,6238361788350464
6339220807352320,5948483305472000
5425652813529088,6190976487915520
5386126191755264,6282496004063232
5697912816271360,4952762649411584
5302233803522048,5763116476399616
6078492653387776,6024455006453760
6504103393886208,5317396384448512
6145740936052736,4649165151797248
5300757827944448,4888562216468480
6737276333719552,6193055520522240
4653882636500992,4648050876219392
4863110441598976,5220126729175040
5364174832009216,5287625281765376
6219316359856128,4790996132954112
4612863886884864,6570698040410112
6520940571656192,5865231890776064
6443496175042560,6416650628759552
5118434318745600,5846980615995392
4681908623507456,4927749414191104
6317991157301248,5574868596686848
4852451477815296,5369266549293056
6320049419714560,5113529566756864
5264551576600576,5299153640882176
5918907623800832,5576278923018240
4847102901354496,4515828126973952
6222242541207552,6405371595849728
5515050926211072,4829903767732224
5782590931861504,5063025037934592
6252992393117696,6037610185097216
6087080843149312,5481167694331904
4560207105490944,6709579813486592
5971700090929152,6505909075312640
4567741547675648,5856213315092480
5978503587561472,6679632231268352
6211804327837696,5249991771684864
6682607720857600,4784878165950464
5462851827269632,5345462833905664
5761469138337792,4858131517538304
5179322425933824,4708843172921344
5301207222452224,5511716878155776
5972582182420480,5222785397817344
5699386862469120,6147366446956544
6471598443855872,6100183228088320
4924371376275456,6070716803842048
5697853643030528,5514670406369280
5943325725032448,5015995506753536
5142670672396288,6137942214967296
5545865018081280,4903769873580032
5713978871250944,5061414991429632
4653556302872576,5192481719189504
5634175535153152,6753450320723968
4661953098153984,4710464623738880
5621769924771840,4709401967460352
5300080397516800,5257062978158592
6094788279402496,6150248940437504
5616452218388480,5021503466766336
5802683325743104,4819984679174144
5507309281214464,5198745228541952
6199543643242496,5290400749191168
6571765671133184,5663425000636416
6524948313014272,4704434066030592
6265430488383488,5995633997512704
6401641362227200,6015870436376576
5319928699682816,5855313523638272
4960249855344640,5098413714571264
6096092074606592,6710980295786496
5043568508928000,6573499567046656
5848926131322880,5525088533217280
5495876027940864,5025736576466944
4971580796960768,4780310703112192
5957870107492352,5069914329055232
5245359829811200,5733590790832128
6112030631133184,4552720675504128
6021078793060352,5845551075557376
6173509262770176,6440217063981056
5096881518542848,5211163400863744
6261283429023744,5226545343889408
6155079956561920,5419335453507584
5951113587064832,4524612161372160
5482348072140800,5729665442381824
5736655551987712,6217691792670720
6587074243198976,4904718692253696
6550483453870080,4614617911263232
5002832438624256,4511381346844672
6196414705041408,4660613940772864
4703616109641728,6703576007049216
5787061590163456,5442360316002304
4726564308647936,5772463482863616
6356208745185280,5454108213379072
6010657520484352,4624452434264064
5454899657572352,4944436402323456
4626066045927424,5530585302827008
4838317289897984,5473397158969344
6426487865475072,6701046518775808
6032352826359808,6366943529402368
5308722945458176,5225299547521024
5989860466753536,5453817812353024
6424642371715072,4904937857220608
5092702217568256,5076729032867840
5543122396250112,5099122656804864
6330883990618112,4508071537672192
5333761900150784,5196985432801280
5840780293832704,5372818000707584
6400537220087808,4558764768231424
4728873939894272,6521243903721472
5724598672818176,5252235149705216
5632198088589312,6656712478031872
5605618922553344,5896856527699968
6554333141270528,5439181251674112
5654914707488768,5871480514543616
4559777856225280,6091745160855552
5062941999104000,6129542550781952
5920852153466880,4993266892144640
4734759370489856,5554180326424576
4886971988049920,4785634247966720
6035607656595456,4949269112946688
4628596708605952,4786455274586112
6490216791539712,4819323904327680
4991122025742336,4958919233372160
5951025338908672,5547108746657792
6168285374578688,4539271132217344
5642597999575040,5330094350401536
5189222157778944,5400215697752064
6003131982807040,4839667167920128
5204108732530688,5130523565359104
5928489595174912,5862097088937984
6187876679155712,6667725659176960
5084895980290048,6181886730698752
4839973469552640,5653645276217344
6735066568851456,5013595093991424
5100158746361856,5328224932331520
5179940599234560,5419901416112128
6203677108862976,6148299075616768
6068039776731136,6661801942974464
5075262767104000,5168019900727296
5929747320143872,5499968997556224
4957767666237440,5314078786453504
6455826854182912,6567950871953408
5156938096574464,5026181092999168
5152755251412992,5408243964706816
6338469892718592,4835056856072192
4887528672854016,4699002324910080
5451781930745856,6470865950605312
6697387697373184,6237607254032384
4531416308121600,5108781132283904
5448293028986880,5032537237749760
6252721881481216,4842639960571904
5872720501800960,5876828034039808
6478663329513472,6300449336459264
4779210168074240,6709730539995136
5364152417648640,6152687261319168
5953016110776320,5826723033645056
5745501708222464,5324361680551936
5082995524370432,6087525359681536
5581828272422912,5370244241555456
6650304919502848,5998784771260416
5369494450995200,5218119423361024
4975561527001088,4912237015728128
5969960104886272,4929390460796928
5391203396747264,5276146323161088
5035080936325120,5113152867926016
6625516213764096,4554680988336128
6157324865503232,6023430551896064
5848732690022400,6367693387071488
4845060354998272,4767880451194880
6619418652049408,5020906063659008
4983584710459392,6080247600513024
4743836653846528,5683279392931840
6451845855707136,5261076054671360
5822599693074432,4535048126595072
5412189194158080,5468465278222336
6485263435956224,4805958289063936
5143135548080128,6077651129204736
5445445729910784,6247572484128768
5715750083887104,5444601366183936
5115881518530560,6224033509015552
6359211300618240,6637294171717632
4596646648217600,4862205281435648
5724658634588160,4772923560689664
5502120646148096,6109405596614656
5613434903199744,6750069162246144
4758414708178944,4645984980172800
4525133374947328,6234317472661504
4646879222562816,4793930866491392
5682459746238464,6270479235022848
6368608617758720,6695327555911680
5097341319118848,6467911935852544
4530794175397888,6121926168674304
5567796681375744,5534020039344128
4583344194977792,6579970350514176
5891887900655616,4992639541706752
6662383726493696,5092900859805696
4969924940267520,5346753907785728
6053565082632192,5283364539990016
4675467149836288,4953743529345024
5385283522527232,5916496138076160
5638621015048192,6088571784003584
6649947917123584,5829145831407616
4946944344457216,6144397232046080
5153354739089408,6298028681986048
5511911959429120,5210218059268096
6292860397682688,6497275083751424
5522029832830976,6261073692852224
6688462147158016,5505015454105600
5730780946890752,6649707050827776
6135541865119744,5345138815533056
5289970468126720,5205073305010176
5080295546028032,5333741566164992
5640386443739136,6380646844858368
5110562167980032,5981924843585536
5794070439919616,4737223960297472
5803067876311040,5278473323020288
6363818034724864,4767539269730304
4765480902459392,6355058180489216
6430827929927680,5299649323728896
5270726191874048,5158787868524544
4778318257717248,5096762903625728
5576951056039936,5876327456440320
5373699358195712,5546112968556544
5980427074404352,6240131700752384
6575134586437632,5452265802432512
5120691324059648,6365078842507264
5321471113035776,6145547947737088
5707952587538432,6388659873906688
5467541193359360,4538900980695040
6433774294269952,6000813593853952
4858192553050112,6543017278177280
6216023197876224,5299183722430464
5262098546294784,6607744549257216
4977346509537280,5411836805513216
4964093108682752,5169495976968192
5977184206323712,4710464623738880
4736733851680768,5420867158802432
5038054794330112,4533178440089600
4848081717690368,5491937979138048
6602071434330112,5276802127757312
6448892176498688,6726682239041536
6289131124555776,4586727215726592
4699918331543552,5314466411446272
6604693658664960,5406352031612928
5410796970442752,6490228204240896
4812578624634880,6242473464561664
5282647414669312,4657818961444864
5089775662923776,6227853144227840
6381869400588288,6078139040006144
6053181337370624,6267160387125248
4617847726669824,5323800348459008
6521301969666048,4673003528912896
5337878815047680,4576159918456832
5921791744671744,4527397950980096
5164871354155008,4888328325300224
6709625065832448,6180573573808128
6628533411512320,5135157566636032
6482319755968512,5936371132792832
4943365395185664,5735835649441792
6742502214205440,6750916747198464
5699389295165440,5676128071057408
5347840333185024,4549104212377600
4766969007964160,4548245248278528
4851027289309184,5230467970236416
4716188888203264,4577056660652032
4657467491352576,6238488494080000
5803889607573504,5363560685240320
5404580726702080,6017799581335552
6410029756317696,5203027558400000
5153684646264832,4705598157357056
5134533655527424,4657082206781440
6052415478431744,6394713043107840
6724453251678208,5325830358040576
5688975010299904,5280389201395712
4800991524290560,5253134274265088
6605257897410560,5038772188086272
4906972530868224,6597407716409344
5446952999190528,5215628891783168
5904478765056000,6622487624286208
6544530964742144,6287513343754240
6575551756107776,4703222369353728
6704090195165184,5954828616335360
5047579156938752,4574280937373696
6301163475435520,5721648500047872
6203819899748352,6641691496808448
6015457351958528,6429002619158528
5027789705052160,6705944694095872
6013996052250624,5995206627295232
5510985974546432,4537629133504512
4834471066992640,4963986539806720
6449988500455424,4955036163506176
4604811544625152,6052073256779776
6421662335500288,4823095472816128
5428862160732160,5267271763099648
6493325609664512,5801362593939456
6366186054877184,6134960182263808
5728483000975360,4944434875596800
6029811631783936,4793122003353600
6083303872397312,6600278050603008
4968339023593472,4968073704505344
6523320117755904,5932253433561088
5940896631619584,6079184126345216
5727899422294016,6660767262703616
6196588001099776,4722965021196288
5004778931224576,5851963377844224
6642766547255296,5789444323934208
6704381695098880,5200092640313344
5227281154834432,5724013970063360
6444430309457920,5861871951282176
5420561398235136,4961111835148288
4608629955100672,5194823952760832
5750993633411072,4976914362007552
5975943262765056,5327630263910400
4881081943719936,5728836480139264
5536620453298176,6622794194354176
6568183639048192,5019012121493504
6484202797137920,4819919445164032
5004778931224576,5392483083091968
6076089048760320,6359917097123840
4900135479803904,4515222855352320
5880346803437568,6142652082814976
4619213077479424,6150944926466048
4808054333767680,6600094352670720
6739494227148800,6660369521049600
5597853047062528,5038932225949696
5065095241531392,6659086701559808
4668427497111552,5639349213331456
5899664039608320,6182225022287872
6228608056033280,4963456128122880
6725739246256128,4915913042165760
5450502718357504,5936082644369408
6696881876893696,5210894281736192
4507360452149248,5924238600962048
4582962911772672,6480261980094464
4941608753561600,4738688867106816
4677594580516864,4544627325534208
6213786392330240,6295816673165312
5804800979501056,6164807805829120
5351309446217728,5990733301415936
5963440914956288,5515389960192000
6556251678834688,6193684200554496
6030575280324608,6050301880565760
5249509930041344,5337022237507584
6373280787202048,6221401247711232
6340453446189056,6268073214476288
6424230138740736,5785221347672064
5128627098222592,5535451534327808
6121860246798336,4782655251939328
5164882901073920,4810122897391616
4571432640053248,4657685377056768
4685886836965376,6194532049747968
6584800024461312,5547072054886400
5107797396029440,5596838163906560
4900987657519104,6061228747128832
5416386253815808,4865567179669504
6260398208581632,5127234190835712
6355358077419520,5401675969855488
5220061952344064,6599819239882752
5908115864158208,4728976532570112
6397852513206272,5399511931289600
5841940203438080,5835993464700928
6457610343546880,5212400535994368
6440855005036544,6192730713620480
5267599791226880,6696988198305792
5153320345796608,6685278720753664
4614969582682112,6343804711862272
5307503493513216,5944767806439424
6507528332509184,6625520210935808
5331080615821312,6532811630575616
4637066182787072,5270223563259904
5929874101370880,5163678833836032
5779836213657600,5009670630539264
5424251878244352,5848674959622144
4813506153021440,5199030705455104
6222054003048448,5929874101370880
4894532560748544,4910950689800192
6196902150275072,4538805920989184
6605777919803392,6480674749939712
6545359910207488,5447501043728384
4523761321639936,6323885089751040
6063757480427520,6712177866047488
6090340639440896,5410446918025216
6178394788069376,5548723054575616
5980804280745984,6664988276031488
4556544068812800,5841666780954624
5574347647352832,6218013713891328
5331374523285504,6420248217518080
6305307728805888,5312588684460032
5927095244947456,6068482561015808
5800194610298880,6494262365519872
5009114214170624,5153572238917632
6314757718016000,5576918638264320
6035518271782912,6266151887699968
6000740424220672,5600541444931584
5448794634190848,6083373179076608
4540727147102208,6019557917458432
5114952866070528,6727608291033088
5476611824549888,6270973022044160
5997866302570496,6054042935492608
4918573484998656,5315807045222400
5953919559663616,5400463983771648
5266121466839040,5327374210039808
4975482560839680,4556678953435136
4561467003109376,6353840175579136
6655653164613632,4590374112722944
4912311372349440,5146797330661376
5394932736983040,6571690190438400
4649598125604864,5858243697967104
4723606598713344,4985621414150144
5003943375536128,4731390086086656
4826729854009344,5637562372718592
4503850067165184,5971688627896320
5166034417876992,5562491776008192
5131811397042176,6082596863737856
5896521113403392,6339112325873664
5999911294205952,6691702867755008
6051331984850944,6389155544170496
6210939802091520,6000795487043584
4993904208248832,5853783470899200
4517362491457536,6597834897883136
5837607655178240,4809633975762944
5396641211219968,6061213194649600
5689975200808960,5045255713849344
6028041266397184,4649131698028544
6333562557038592,6199894991699968
5771436683689984,5605077299494912
5261962378215424,4818412062638080
5813206599598080,5938763429576704
4516821707259904,5776391364673536
6527803778400256,5680266943135744
5441304307695616,4997827195305984
6186086415990784,6422398167416832
4880841412968448,5095288656101376
4680013435633664,6638937554550784
5065637011390464,5850261211840512
5218932057178112,6755096803147776
5713531766833152,6087530371874816
4541628280733696,4509540563288064
6310872513249280,6575282930581504
5962289649811456,4991430374195200
6743319465951232,4721580166873088
6349458784649216,5671193409486848
4754257788010496,6088322759786496
5319717881380864,5948113787289600
5895170312634368,6540494282686464
5902390857302016,5112097161609216
5709826451570688,5500252012412928
6715257894469632,5167006124867584
5763020884017152,6654073803636736
5902380723863552,5126083957489664
5351360830636032,6523431954677760
5063159633149952,4506962693718016
5791078374440960,6118947487219712
4982650253082624,5252146884771840
5831250294079488,6695022558707712
6028958275469312,5974262907142144
6637375574769664,6668515954130944
6408058647347200,4935646198104064
5832475282505728,5319152283680768
5761008859611136,5368592423976960
5299523863707648,5971411032080384
5810468373397504,5291209863987200
6744345661145088,4868346124173312
4950169713901568,6409073333370880
5347882074898432,5621363295387648
6275673112969216,6423686611468288
6065165202096128,4596576834027520
4983868799057920,4595283432308736
5967381044133888,5113385098149888
4546224000598016,4512817824661504
5312021434204160,6250139612086272
6258584243404800,6706284923453440
6359338169925632,5573459516063744
5579099609235456,6303547316502528
5530043918843904,6528762109755392
5793648258056192,5528771501228032
6249193108668416,6449130329079808
5354006014590976,4768993753694208
6741307810643968,6366582114615296
5473842090737664,5782036679753728
6699223091249152,5423694140669952
5503934443552768,5909645967228928
6463259446083584,5488954184826880
6745552869916672,5121445749325824
6028524051759104,4868029185785856
4908658842402816,6753497145933824
5825999969189888,6679694843838464
5662602837360640,5239364139352064
6101719752638464,5273206535487488
4638491872854016,6313489205297152
4805765648875520,5702522826129408
5975757085999104,4721541344395264
6710706491621376,5568649635037184
6417177588531200,6254284041617408
5476265542811648,6699259359395840
6610133872279552,5822130870550528
5425611235393536,6390218661822464
5140472722882560,5594430226563072
5423877813436416,5899525145231360
5039302822068224,4745697192574976
5207815842955264,6161830588186624
4987412314849280,4849758327799808
6245673450078208,6257164165316608
5114621562191872,6246480937484288
4758227642220544,6521364229914624
5453473833287680,5832411885600768
5517089223737344,6635979995611136
6496382636523520,5051498260070400
5536230068453376,4671533966426112
5993590259974144,6653525691990016
5395617750712320,4900378409697280
5510581391982592,5701998223556608
5454310743736320,6188709399494656
5626873184780288,6434110744559616
4579880635203584,5052833256701952
5655946170728448,6437302798647296
5550411043831808,4791611114389504
6309306897006592,6485045923545088
6694130497355776,5162587375271936
5971849273933824,5142757087641600
5981349401853952,6082649934266368
4565648589979648,5527813421531136
6494361707610112,4767646476140544
4982492060712960,6619342584152064
5385747165085696,5676026824753152
5242702050361344,5895447455465472
5999060907458560,4526519428841472
4872693839036416,4961051013545984
4604142305673216,5445474838380544
6596180752465920,4882514197872640
6457756972220416,5785212791291904
6252816433676288,4720998043615232
5013412989894656,4603486983421952
5785445784879104,5798729590243328
5915972017848320,5929882880049152
5046199159619584,4657455411757056
6230637360971776,5171795546079232
5136644833280000,5155555100327936
6729970741149696,4785341405855744
4592989026385920,6350757894815744
4623299201990656,6246520816926720
6089298120015872,4996281808191488
5791033512165376,5757784207392768
4743370125606912,6744414837800960
6482838608150528,5603688972288000
5724055309123584,4561000143519744
4633575750107136,5769397299838976
5869614825209856,6119556063952896
4974060251381760,4587481087344640
5800111919595520,6415137210630144
5491091438567424,5099784618639360
6347365793398784,6744266036477952
4560191649480704,5142670672396288
4619772878651392,5231395112747008
6375699659096064,4767600036806656
5747328260505600,5613135916433408
6218143368216576,6699044946575360
6035802859503616,6415679932596224
4663315273875456,5665496097619968
5175019707564032,4909254513262592
5234960740909056,5196571438219264
5556156565028864,5660712644902912
5971700090929152,5027564005359616
6323936813907968,6015697832378368
4782436477042688,5979544915804160
6583844864000000,5179747648667648
6566721034911744,5138225846812672
4945919726321664,5751376556589056
4698027606409216,5993814437134336
4931915683463168,5778755257630720
6752788358889472,6241836588859392
6644534144401408,6252645545148416
6361199501377536,4783818135306240
5559103063588864,4542434899918848
5488766464557056,5957162264166400
6580840807006208,4984036118233088
5891032195530752,4747146496573440
6182070319579136,6732264006221824
4824612837785600,6747499156996096
4812450211823616,6328036091756544
5568820548730880,5814743006707712
6177800237088768,6188259656859648
6354130283003904,6155314774671360
4934372677386240,4576758948954112
5512006767476736,5453679622619136
5206315355865088,5797551561244672
5820893466984448,6147845402918912
5187158677651456,5409797371330560
4611444488273920,5084910677131264
6069285787009024,4700012212649984
5346991036956672,5422078696095744
5496596861026304,6655653164613632
6600814082654208,5502169899859968
6507556149133312,6491167975800832
4604859598766080,5122027780308992
5474594230108160,4954189287391232
5274907594194944,6172811229921280
4974944695877632,5994272690012160
5581499023753216,5010760361050112
5553573326749696,6451250113544192
4926218950410240,4961181842276352
4888157063479296,5517663994380288
4601691150221312,5539496252669952
6410167329488896,5605204940554240
5627962814627840,4656299981668352
4729370595819520,5974713677381632
6664505624887296,5763260240363520
5005941093171200,4746333971808256
5554032238133248,5237385350610944
5956928821788672,6380657745854464
6220208337321984,5074423855972352
5003758272512000,5598233889865728
5149793670135808,6493478420742144
6351005023207424,5916437887582208
5724824963907584,5061896543666176
5445624239489024,4893749245116416
5655946170728448,4543708655517696
5132080134488064,4534861194854400
5852011499094016,4636533854306304
4997622190309376,6553326705442816
6659680233324544,4858868259618816
5450875726200832,5507841005715456
5383634104090624,6734294330376192
5600990336122880,6718263499161600
6129981123985408,6441641265070080
6263124292272128,5277223877607424
4690069866676224,6669956743692288
4709487464153088,6199701516845056
5633343473319936,5212136043184128
6092460881084416,4633233255825408
4777610208870400,5066233420447744
5027515699560448,4745846195224576
5503635104464896,5444659113361408
5769634710028288,6310689155055616
4735282991595520,5050955735236608
6669238930505728,5637303110205440
5441522260508672,4953869945667584
5431218654937088,4756797053206528
4915700722302976,4721317414699008
5256022241312768,4933682575966208
4949715923763200,6725587915767808
5180646773227520,6374403136815104
5385025207926784,6625316871077888
6273080173264896,6592780023365632
4783145398304768,4655781532139520
5202217856401408,5626180503863296
5870694887849984,5725172839481344
4617909282275328,5964621846413312
5831625235496960,5272443356708864
6156192487309312,5777147077591040
6605810887032832,6108480299597824
4623990825943040,6476465312890880
4634363977269248,6619211977719808
5233791838715904,6176442427637760
5146960283566080,6522837001043968
6635259833614336,4808935888388096
5736804449779712,4776178428674048
4762175086264320,6480363549360128
6724684362022912,4765468453765120
5666476159664128,5483178259120128
6349458784649216,6562119661125632
5044161768062976,5585731072294912
5084426197270528,4693939095339008
6537989213650944,5970894058946560
5319941936906240,6509411872800768
4906872786124800,6247373485375488
5887797648949248,4667730236014592
6210786957459456,5167137821818880
6095087182282752,5780554362388480
5078400593035264,6034154867130368
5449814420488192,5335079112933376
4602253522501632,6647266565685248
5405436473769984,4714023016726528
6004498742902784,5096024504795136
6731182844674048,4621892465983488
5800241234182144,5947896237129728
5833048543199232,6180375170646016
5556962743812096,6215045421727744
5225258762108928,5496761902694400
6676286921506816,6664026182385664
6521876207632384,5088075866701824
4715601673060352,6749852648079360
5256331541872640,6059008286785536
6716786382733312,4699959301505024
5632742962233344,6091031462281216
5466800575741952,4520700146614272
6070790401294336,4910308143398912
5504418164244480,6205449571401728
5005356252004352,5842480442376192
5799757177946112,6179933594320896
6389097159458816,5450856382070784
4557237236269056,6021408297582592
4663091264487424,4865567179669504
4918148467785728,4559749787942912
4987144667922432,4936279772889088
4546022841778176,5316798742265856
5348613444075520,6376401097719808
6172824551030784,5034379040522240
5410128566157312,5818596519313408
5440115524501504,6622749285941248
6205152178470912,5272444967321600
4589834460987392,5997990860816384
4701068573278208,5460860216541184
5007035873624064,5183785098280960
5181963897929728,4845966949613568
4854388172521472,4703626024976384
5265325442465792,6498268563374080
6065710293843968,6635995984297984
6070300305260544,6513073940594688
5519401849716736,6005441668579328
5990840876924928,5445993774448640
6622749285941248,6107410517196800
6319371968315392,6275710639407104
4715336605630464,5493445999198208
5050948827217920,4726479160082432
6529116645883904,5982100048052224
5879343123267584,5948026981974016
6082169267027968,6037561245958144
5721528190631936,5181318612647936
6171205797150720,5690588856844288
5072598662643712,6059429206163456
5249380007280640,5008198463389696
5887043265626112,6288342528294912
6252227721166848,5649938018992128
5163766138273792,5140526338670592
4896302502510592,4610546701697024
6374584712429568,5740923591852032
6446931070943232,5702578417434624
6337818483752960,5560407106256896
6574811037827072,6314048641564672
6665056857096192,6167896474517504
5814306983641088,5917243860844544
5992557458751488,6071868236759040
6096826375602176,6197093041438720
5965017570607104,6267551946375168
6586673603280896,4977606015320064
6163443281297408,6577244673671168
5031131726479360,5396395664080896
5398329552797696,6023891019366400
5324995368583168,5577117750263808
4611547500380160,6491282832621568
6665713051762688,4785937747804160
5490494551359488,4616039767736320
6046696595259392,5523333758058496
5715981408141312,5282921231417344
5337029212635136,5616166099746816
5091353597837312,6446790784057344
6735895904387072,6295444323827712
5460067006545920,6560776531738624
4986560288129024,6359593452044288
6747965970448384,4818487245537280
5401219717660672,4979748767793152
6535516080046080,6453948762292224
4730269657464832,6323943881310208
5997605282643968,5653587227049984
5578498615803904,6281041130029056
5381483197890560,6751667875741696
5271528075689984,4766367376998400
6536312800673792,4605258523213824
6343735593926656,4719240999337984
5194545853628416,5924523545198592
5800190919311360,6620342694969344
5507783438893056,4553331164839936
6351134543314944,5719808781844480
5358837886353408,6055724213862400
4908134852198400,6197487662530560
6298674441224192,6648777257517056
6203699992985600,6152777065562112
6059291586854912,4928222749786112
4687359322882048,5906937151488000
6295836239593472,6630125871300608
4517362621480960,5042934854451200
6629282950414336,5418786196815872
5374440328134656,6139757308411904
6066047096455168,5388540215033856
4755667443253248,5740143199649792
5552823200645120,6287579563425792
5699313663475712,5351489029537792
6676235130241024,6447529585541120
5113431151607808,6119556097507328
6525134154235904,5759079358136320
6496140927172608,5362287919497216
5447833446514688,6023360590905344
5892546171502592,5862521044992000
5513418591174656,5334131586105344
4586634622271488,5188001430765568
5931527181434880,6639160792186880
6630089833840640,5591100620275712
5271134498979840,6673878401155072
5285202983124992,5757334179545088
6015429833129984,4799295620382720
6550917782437888,4754254763917312
6424581386534912,5784718521925632
5759806335877120,6017262240661504
5102084418437120,5285889846542336
4628727684136960,5864478916739072
5661652676509696,6127261939924992
4978208585809920,5315426605072384
5911595710414848,5683208072986624
4939480467243008,5228545250951168
5096115005292544,5094541667336192
5847101273538560,4609442224013312
5257470211522560,5541119683198976
6328952081612800,6116619099045888
5088702978064384,4701707617435648
5354571536793600,4885190767804416
4984547957538816,5785983284936704
4888417198407680,5494454431514624
6051487341871104,6524714438623232
5821163768905728,5425306796032000
6138227045957632,5161903531753472
5161304719360000,5931553215479808
6132067660201984,6254758098632704
4820650076143616,4993791331139584
5767588749508608,5715395497426944
5037715898761216,4681917720952832
5818551149527040,6233893009096704
5032575825346560,4685880428068864
6325222070288384,6021483258183680
6580840807006208,5813434820067328
5683774958338048,6349629610262528
6578076974579712,5099913480241152
6414642748325888,5476282924007424
5091015499186176,5399237451841536
6521301969666048,5517496339660800
5538028850249728,4697555977895936
5412038538952704,4510215732985856
4921783356489728,5094478723416064
4531304018214912,4987765911453696
4679865292816384,6743867560820736
4640321898020864,6082687108382720
5602624504070144,5415215606792192
5534020706238464,5549002609131520
5663640789188608,5831313779064832
6737441723514880,6393129525575680
5759430794674176,6638164594655232
6527195323301888,5120274443796480
4957963653480448,6098298546946048
5396237287161856,4889393468801024
5845283428630528,6305609181822976
4555919398535168,5652068687675392
5286365711302656,5773206377988096
5923269330862080,5412693047508992
4890407592787968,5111786682449920
5523283740983296,5010006493626368
5652068687675392,5978175370690560
6628246521118720,6593840678961152
5607313287151616,5445671198916608
6163738023428096,5830958135640064
5203045732319232,6397000469708800
5604015020703744,6375392468271104
5961956651433984,4628944399630336
6737678848491520,5229422766456832
6222660767842304,5386518493396992
6115825012441088,4913531159838720
5943902336974848,6606872280825856
5778372552556544,6249286373212160
5150911385042944,4775792821141504
6114026260004864,6435252031455232
5562364336275456,5328183878483968
5715915205246976,5755087571910656
5335083055579136,5524925777444864
5125940227080192,5690919066009600
5937608448278528,5302708414185472
5307746511486976,5718025963569152
6663696329736192,6207699882606592
5121970486116352,5994643047055360
5997092487036928,5287322956333056
5426412557172736,6557402193199104
4961675629297664,6139062345793536
4673101524631552,5138658095005696
5215507546374144,5141138052743168
5036204619726848,5543562932387840
5638621686136832,5836889988792320
5516834595930112,6717931780046848
5815482915487744,5719851609882624
5027058067439616,5249296117006336
4975482560839680,6141386292199424
5261324240027648,5474618154418176
6647414624616448,6198788966318080
6185301829484544,5111693904445440
6170691021832192,5542355962691584
6138616138956800,6682603895652352
4891248500408320,5345833107062784
5138048025100288,5582374404358144
4756973629210624,6605387954388992
6596943390179328,5914822556254208
5696397598785536,5926705006903296
4659673963692032,5440328716779520
5495807916638208,6449988500455424
4920720452747264,6717758018420736
4897538815557632,5253467134230528
4532398647672832,4849942390636544
4585608041201664,4865196520636416
6417039893725184,6634531383672832
5122880952074240,6532674556526592
6045986751250432,4901324011339776
5043057395236864,6418331789688832
4664439015997440,6446784475824128
5068059217756160,4930982908002304
5838893628784640,4934191764471808
6516319925043200,5203036852977664
6435417589022720,6731519949275136
5632009177137152,5592989466361856
5241726740463616,5723370698047488
6709604593434624,5689431820337152
5620796376481792,5277486273265664
6488090531069952,6381123552673792
4579928756453376,6427649066926080
6401721544736768,6249463075045376
5521734348308480,5073301443444736
6394325137096704,6476465312890880
5966492992536576,4506543233957888
6101047963549696,6243424229392384
6262929039032320,6250099413876736
5635129655427072,4599202959065088
4993170305712128,5859781526945792
5545113201672192,6669173096710144
4804037713068032,5772493883179008
6607219468533760,5164633134465024
5409461151727616,6347017548726272
5413968870899712,5527111584448512
5670944246857728,6561282935226368
5039907921723392,6398023775027200
5929818354876416,6461314081751040
5656719470362624,6287702959849472
5438041109823488,6536026514259968
5092281994444800,5674559757877248
5484841455845376,5765089812545536
6301349211799552,5244958065819648
5590394282704896,6549869864943616
5693162536304640,4799876749590528
4895873928527872,4795952860758016
6310960090316800,4812865028489216
5489232837607424,5389583678177280
5117544706867200,5258790997852160
6522435438379008,4580533134688256
5431688580562944,6120898497085440
6568935438680064,5329089781039104
5010439094140928,4967568513171456
4775375068463104,5438882684338176
5763871199461376,5934474938286080
5060064303906816,5364538142621696
5775409662656512,6543962271645696
6621241060360192,6063563099602944
4924827058044928,6017799581335552
6453312335380480,5533530878640128
6426237868179456,6682955063754752
6032584742010880,5053781102297088
5521194860150784,5343122898812928
5394423028383744,6531597195018240
5393607219478528,4741599592448000
6665870686289920,4716666334216192
6191961327271936,6013123620241408
5762534642548736,5149366471884800
5144148812234752,4668371071139840
6062228170080256,6113155354722304
4640244940931072,5569541763497984
6059643350548480,6639974923370496
5706124747603968,6515316450394112
6740851256459264,6446166470295552
4628981208842240,6198083165618176
6219449923272704,6747293149560832
5025736576466944,6130174049386496
4813920600588288,6531462167789568
5016314777174016,6332405667332096
5213949211443200,5667088892952576
4668489807691776,5595576383045632
6274956033785856,5576520917581824
6035494041288704,4678056927035392
5776494074789888,5441522260508672
6145816366415872,5770180539973632
5345567506956288,5780883548143616
5802716074868736,4987144667922432
5367293871652864,6728423948943360
5109220288495616,6316590456897536
6079780170498048,5556694945890304
6309202911821824,5423390082990080
6105075464273920,6144020432551936
4804757757624320,5074694204030976
5626469155864576,6645635618963456
5426132134395904,4626326914859008
6411371073765376,6196085552840704
4764599901487104,4580708087496704
6435310181285888,4863692074123264
5772594131238912,5553169046175744
5593323265851392,5122375387447296
6353769556082688,4908310945857536
6463693556547584,6228817364385792
4711377165877248,4689305098256384
5405418446651392,6681722269728768
4961525657763840,5859575200743424
6431903483691008,5356884045332480
6300300350586880,6085725646749696
5222967044734976,6524977236934656
6021703253622784,6140858111885312
4778058483499008,4654426339934208
5161186003779584,5043934990434304
6155215734571008,5593132693454848
5074684540354560,5473275389935616
5790057782837248,5186714215645184
5185285941886976,6091483704721408
5841429270102016,6229229886767104
4799264360235008,4908658842402816
6371255676567552,6667362990292992
6078208313131008,6081840714612736
5154095717416960,6518103611539456
5670923392778240,6471442801623040
6647609072549888,6138298999242752
6562859519574016,6556401738448896
5915616240205824,6048698884685824
5050664449212416,5238358513025024
4970045883023360,5787950128300032
6099058936512512,6141071417409536
5190536887533568,5593014904815616
6742645927837696,6524969116762112
6574213047517184,4943801003016192
4850748120629248,6143539681427456
6451060849770496,6443584167346176
4812228719017984,6249533036036096
6748151727783936,5855365902106624
5043735563862016,5319886504984576
6132721329897472,4782630006423552
5596833780858880,6263462688718848
6716345079037952,4625365081260032
5732382835474432,4558993739481088
5871686240960512,4852305516036096
4939581193453568,5949998254522368
6419221770665984,4516871854358528
5350128577675264,5941778106548224
6128778851909632,6566990690910208
4530155450007552,4966791673544704
6615749965643776,5849601330380800
6019810536194048,6012119168319488
5427804571172864,5312484888018944
5527340824133632,5906549862039552
5467900221587456,6753441126809600
6408107624235008,4597372627714048
5730073514606592,6575539844284416
6365008432726016,6224388129030144
6266984373157888,5145836197511168
5843057847042048,5061467248263168
5190751891750912,5361899157848064
5284726057205760,4793156967071744
5969989481791488,4974605246660608
6404554608345088,4869222247170048
5883209902456832,6588785569562624
4817992485437440,4635338729324544
6081351511965696,5028669821026304
4907960541118464,5277093921292288
4964683045928960,4761566291427328
5323914936844288,5424570309804032
5025662941265920,6375574857580544
4887687855079424,6377585304928256
6570031796191232,4522978609987584
4561261800980480,4777900991578112
6221422470889472,5508368946954240
6055708942401536,5776811164172288
5992825692880896,6166085223055360
4641141834121216,5311984838901760
6347873560035328,5619897285476352
5747057396547584,4974600947499008
6264671768150016,6131237301256192
5876556041814016,6463681812496384
6412344051630080,6695137872707584
4662203615543296,5937947532591104
6344571044757504,4600709079105536
6059154881904640,6642442260447232
4756205266272256,5034480509124608
4846531603595264,5852568716574720
6501042797674496,4972344411947008
5514537912500224,6019277117194240
6346805186920448,4602755043819520
6514426586857472,6439262792712192
4925259427872768,5863587807494144
5920337445257216,6474700483985408
6349193486532608,5431998862589952
5462981796167680,6691361958920192
4598494234935296,5676391121027072
4561303295229952,5068061352656896
6508932988141568,5404436392312832
5540367896150016,5102372336435200
5930701943734272,6598807640866816
6524349840359424,5391870962171904
6367663427158016,4556024579096576
5461672959410176,6349123072557056
4552216687935488,5753136096477184
5943200231456768,5739485901881344
5684868195287040,5897020084584448
4862099698221056,6124214207643648
6261687470522368,5085290962092032
6707449128026112,4981970876497920
5327058081153024,5819677924130816
5265848920965120,6240388006281216
4619373127925760,5221962882220032
6739468994215936,5542999821910016
4744779529191424,6253372095070208
5372075143331840,6694541539147776
5717330430525440,5491540946321408
6188427978473472,6294582377578496
6647414624616448,5109110334816256
5676690544001024,6110845635395584
4991624088125440,6064544663207936
6642400250298368,6703843381346304
4855288303714304,5997811411714048
6316352895713280,4572474299645952
4527564850724864,5872278573154304
4854981964333056,5639904467877888
6713121034993664,6614021912395776
6606748414640128,4617282221244416
5528782523858944,5104236163497984
4562190788984832,4962091234492416
6640481729511424,5151497161539584
4946340603756544,5314244314660864
6131057432723456,5490642727731200
6467755219877888,5530916015308800
6377555303071744,6012313247154176
5284237760528384,4886283383996416
5377268425687040,5175564283412480
5873941010710528,4711670096068608
5460524269568000,6145755666448384
5044765865279488,6660889065291776
5222460054044672,4843649613430784
6586939220164608,6314562162786304
4859116944097280,6222225436835840
5047247752396800,6184249092734976
5030205456384000,5842865714364416
5426487677157376,4785456493363200
4569165367083008,4661550314946560
5286645018394624,5338918545260544
5790053789859840,5156723973160960
5519573359001600,6297550397112320
4891493502287872,6097118097833984
5135764377567232,6242364567846912
6299296653639680,6623232180355072
5130561079214080,5505384955510784
6589004864552960,5518179256238080
4529906492899328,6189670285180928
5779057666949120,5378925628751872
6464237138345984,5111102725685248
4568224228179968,5053499433811968
6416863451938816,4715054614183936
6346095003172864,5425757767598080
5457897381167104,4553125992071168
5645825717829632,5794028580765696
6572845255622656,5179939894591488
5770282209902592,4672730530054144
6515897881591808,5448599963959296
5788990672207872,5776512160628736
5275263019515904,4977365916581888
5795470163050496,4533482153836544
4925869447446528,4735188749778944
5649874362040320,5211602594824192
6634509791395840,5756684968394752
4585764891394048,5495460305305600
5062171891335168,6496626799542272
5644345665388544,5288626978029568
4718368449888256,6494846296522752
5732462829240320,4871975774191616
4988117515763712,4994720671465472
4555238394560512,6605028854857728
5917958285033472,4831181856047104
5979162323976192,5236472888164352
4763437856980992,5367991233413120
4982435571826688,5623310995947520
6748268207800320,6676614731530240
6692949247131648,5905259408916480
4684926894997504,5429080964988928
6261585213390848,4738071767547904
4549719646797824,6588270106378240
5271775510265856,5755677664346112
6397130371497984,6340962181709824
5712606872469504,5546921512927232
5710993260806144,4823746533654528
4946456865669120,6503511208493056
4585155798761472,4736043230167040
6219622074286080,5129447604748288
5078937799491584,5555513678888960
4637688416174080,5271603342475264
5277871847243776,6050562749497344
5405003416076288,4945250520924160
5641173949480960,5953720724488192
5619814506692608,4658318599520256
6362756997447680,6685374740955136
5159869399171072,5104611033612288
6527520008568832,4981104601726976
5957337447661568,6373497032933376
6093816543051776,5733216407257088
4609716028178432,5399879146799104
6397104836575232,6368189455794176
5540445155229696,5263554737340416
5553762796044288,4960505036800000
5719251644055552,5583944282013696
4507362377334784,5306018005254144
5514605310771200,6745905996759040
5110190833664000,5372875714330624
5962133151940608,5932689167220736
5802949416583168,5649171501547520
4597357867958272,6003384328912896
6203278331215872,6087146660167680
5037579965562880,4747029894922240
4587903034327040,6143897388449792
4960229433278464,5070375983513600
5341217078378496,4717157386551296
4843081532702720,6036964937564160
6009535057625088,4560191649480704
6387011818618880,5887028883357696
4640879186804736,5788230462996480
6315159431675904,5545293586104320
5973530397114368,5400725590900736
5928087214620672,6437039543156736
5234501632393216,6365858735587328
5887306177183744,5902215317291008
5292506646315008,6392206778695680
5511029318483968,5905903888891904
5326340532207616,5144461216579584
5646621008199680,6587806166024192
5458722832777216,4925431356588032
5949591478337536,4783903464226816
6099839462932480,6267925776302080
5931077120032768,5338530911879168
5697826065481728,4644271292416000
5194668633489408,6032447164645376
4767230648647680,6370894664433664
6460037000069120,5733997252444160
6753467668365312,5090329646596096
5173702243123200,6226008661295104
5376353803173888,5007035873624064
5105553426612224,6644201519316992
4596547998187520,6577419525816320
4874967139221504,4536697121406976
6191267690053632,6269303823269888
4679223295868928,5545433109626880
4655614468816896,5105130221338624
6269252573069312,6540766010671104
5327154617253888,6673665317928960
6522394418085888,4692261008834560
4892903539212288,5634538191454208
4968038220693504,5393287261192192
5395469893107712,4811747066118144
6096107220238336,5604187322712064
6109473313652736,4987349081522176
5804800979501056,5112849502306304
5061930018406400,5254472492122112
6064646198919168,5008805144297472
5586382032470016,5059549667000320
5215645014687744,5698718944722944
6719765328429056,6106351543517184
5379078288834560,4856776975450112
5458630558089216,5102224273309696
6244940235407360,5718003700203520
6148394051436544,6011497325002752
4852435203915776,5332865514471424
5305794503376896,6492545351680000
6083341235257344,5613721122504704
5278468340187136,5864783368683520
4540311420272640,4537497998589952
4800844593627136,6038189603028992
6125214112940032,6421369812156416
5534899865911296,6172824915935232
6066291121061888,4905141394210816
4819785500065792,4865847258513408
4558479421341696,4998256184524800
6055028194279424,5478941777199104
5397539534667776,6276620031623168
5814481265360896,6435130463748096
5779952563650560,5032050883035136
6220938485956608,6699774470258688
4978055862812672,5910051401236480
5508472244273152,5356497024319488
6249531454783488,6336904461025280
5221402133135360,5067576184930304
4618610821562368,5118679098327040
6499307291148288,4870079164448768
5520044597444608,6184985562185728
5781087139659776,6252929193345024
6294454266757120,5995951485353984
6384367058288640,6462401308262400
6630798927069184,6036764110094336
6452321523335168,4645154658975744
5590002958336000,4715796821442560
5224731269660672,6614717697097728
5842525724082176,5284865962409984
5387524337827840,6462720180224000
5546393169035264,5799872823296000
6464186085277696,5845903921381376
5284595182338048,5441369944358912
5470185966272512,6087206705823744
6674984141324288,5720257517846528
5976121155780608,6147793817174016
4863692074123264,4925958064701440
6331451781939200,6713952677396480
4950817599651840,4563839670550528
5819255457054720,6748897336623104
5893917742465024,5424914343395328
4960883396575232,6028207834791936
5576306303434752,5080129250263040
4623896013701120,4842992093364224
5212490063413248,5421883174420480
5330590591090688,4515368318009344
4557644184420352,4645117648437248
6726859507105792,6489330153422848
5077665700642816,4567002326761472
5215760794255360,5464469415133184
5520293453889536,5411723743854592
6186027074977792,5688463955329024
6504733663559680,5502185372647424
5645366592536576,5666530148745216
6208870965837824,4993412300275712
4598040092475392,6691348633616384
6435485872291840,4642087133773824
5941845303492608,5731749394907136
6123560852520960,5212570996703232
5288514453241856,5810363767455744
5886010405683200,4551347288408064
4884286979178496,6738034257035264
5930019442393088,5534480401956864
5327444057784320,5952126142382080
5690839625891840,5157382038487040
5281523555106816,6552229207080960
5111488534544384,6305934995357696
6022804430389248,4756964892475392
4886192271130624,5930967438983168
6629282950414336,6172230281068544
6375224763219968,6647170801336320
5292258507096064,5711883304697856
6432109860225024,5234013599956992
4635215852994560,6199774594203648
5516482693824512,5864726510698496
4782021060591616,4688240848142336
5611456768770048,4978889774333952
6736925635379200,6051140607148032
5107594479796224,5113946933559296
4905690076282880,6095432725823488
5901426385485824,5291302591660032
6298955929354240,4660251523547136
6601420478349312,6366436941365248
4564700413034496,5371021043433472
6146445801422848,5276085086322688
5707040309641216,4775981057310720
5227281154834432,5728931976052736
6030117081972736,5583876720164864
5533704090812416,5218046622826496
5596609654030336,4979138181988352
5587067180417024,5120823713071104
6354007008215040,6031051988140032
4811079915929600,6242238315102208
5970103805935616,5350628291248128
6092991624118272,5056006365118464
6436607479513088,6689863984218112
6313382388957184,4672624149921792
5384223236030464,5444601366183936
6050336055754752,4555806907301888
5801420571803648,5785568791232512
5448051315441664,5911779626450944
4871569518100480,5664512214564864
5457068049825792,4897577738698752
4547273730031616,6510644767490048
4702498747056128,6513320163016704
